81.7665
23.1528
64.1258
25.7810
12.4107
40.7058
6.7692
10.9760
52.9556
21.1502
2.5967
99.4120
74.4641
98.2235
95.1382
47.1608
98.7536
85.2921
30.9077
95.1736
11.3649
11.7274
0.0695
30.3156
36.9181
12.0341
71.1912
95.7514
32.2288
78.8984
67.1486
10.9614
72.3963
88.2602
0.0493
10.1944
37.0384
91.4689
99.8989
17.0494
17.2617
10.3070
60.6148
41.1890
25.5783
20.1685
18.7689
88.3772
63.1414
62.2426
65.8269
17.7084
62.5849
87.6456
17.8203
64.5574
88.4122
25.0516
58.6221
48.6873
83.9086
5.1676
73.9473
55.4516
42.9472
77.9723
39.6667
35.7229
65.9472
39.4172
17.8478
5.4295
24.7121
90.1813
98.2443
48.4109
14.4750
51.1667
99.3528
76.2569
96.6024
92.9881
23.6491
9.7522
40.9774
13.1173
75.4567
34.8103
44.9784
19.9335
73.6518
20.3367
76.8160
24.1280
61.3733
34.5772
72.2632
11.7223
18.0788
19.3864
36.0548
40.4394
22.5780
66.9057
95.7213
43.1665
80.3814
79.8189
99.5241
21.1804
32.9019
76.2342
75.6759
96.1277
56.9892
60.8506
36.5092
34.3548
59.9988
52.5629
48.4967
65.5650
3.8252
18.9923
92.8745
58.2980
1.5410
29.3675
4.5260
79.4732
71.1366
53.6361
58.6795
21.0947
41.3915
51.5821
83.8335
65.9911
48.1176
85.2765
48.1528
27.2296
73.1196
96.9469
37.5623
23.8600
24.2705
1.8939
98.2653
80.2620
56.3485
38.8829
65.2528
99.3708
71.3766
10.2367
44.7289
69.2795
33.2956
92.1749
63.2491
93.2185
42.5920
30.0490
88.9029
1.7374
14.8055
95.9162
71.4469
30.6467
82.8096
80.7892
90.9255
64.2813
62.8686
11.8471
91.8972
62.3981
25.7585
95.1304
4.6206
2.0927
8.8050
51.7843
87.8664
40.2179
56.1323
59.8156
7.5051
39.1490
35.4985
24.4789
10.8028
11.2289
26.7205
26.6392
93.6081
18.6177
50.7435
14.7594
92.0700
92.9461
13.6751
87.1569
1.2355
72.2036
87.8585
38.7447
24.6430
11.1724
84.6781
65.9659
77.9662
35.8563
18.4135
1.0180
8.5915
32.9467
30.0830
50.6571
38.6605
93.7296
15.9541
77.9710
17.7462
80.5293
56.2384
47.0075
35.9612
37.1774
38.2873
25.6307
97.2038
66.0565
50.5287
19.8021
10.4384
88.8413
36.2960
45.3714
6.4794
85.0762
27.9433
91.1920
5.9770
61.5966
56.3943
66.8270
33.5443
3.7794
28.5785
93.1249
79.9852
33.1075
73.7420
56.7440
1.6064
42.5515
2.9378
78.4177
98.0815
68.9944
77.9685
59.7979
28.4609
74.6255
69.3874
44.2523
41.9128
15.0771
54.0292
19.6360
74.9183
71.5660
70.4497
73.6287
65.6687
89.1096
49.1080
34.1777
96.2709
12.4944
20.8612
15.4970
80.7605
6.7367
49.0603
59.8418
36.5020
68.8559
85.6907
90.0638
95.1496
90.0047
0.6537
4.1932
87.0892
44.4401
44.2541
33.0599
